0.00000
1000.00
1000.00
1000.00
1000.00
1000.00
1000.00
1000.00
1000.00
1000.00
1000.00
1000.00
0.00000
1000.00
1000.00
1000.00
1000.00
1000.00
1000.00
1000.00
1000.00
1000.00
1000.00
0.00000
0.00000
0.00000
0.00000
3000.00
3000.00
3000.00
3000.00
3000.00
3000.00
3000.00
3000.00
3000.00
3000.00
3000.00
3000.00
3000.00
3000.00
3000.00
3000.00
3000.00
3000.00
3000.00
3000.00
3000.00
3000.00
3000.00
3000.00
3000.00
3000.00
3000.00
3000.00
3000.00
3000.00
3000.00
3000.00
3000.00
3000.00
3000.00
3000.00
3000.00
3000.00
3000.00
3000.00
3000.00
3000.00
