0.00000 0.00000 0.00000
0.00000 0.00000 0.00000
0.722019 0.604486 0.336578
0.0888610 0.401425 -0.911571
0.429445 -0.841200 -0.328573
-0.915825 0.000579000 0.401576
0.786490 -0.382329 0.485034
-0.0644710 0.986815 -0.148456
-0.357045 -0.458871 -0.813607
-0.144307 0.137982 0.979866
-0.325128 -0.755501 0.568779
-0.987430 -0.0845970 -0.133509
-0.630385 0.374274 0.680098
0.180821 0.893483 0.411086
0.285138 -0.703218 0.651292
0.811206 0.519209 -0.269012
0.875677 -0.467606 -0.120556
-0.764092 -0.144504 -0.628715
0.590540 0.235611 -0.771849
-0.573966 0.794960 -0.196474
0.156650 -0.636174 -0.755476
0.396891 -0.151015 0.905358
-0.464280 -0.883910 0.0560940
0.00000 0.00000 0.00000
0.00000 0.00000 0.00000
0.00000 0.00000 0.00000
0.00000 0.00000 0.00000
0.759978 0.398081 -0.513774
0.436246 0.552704 -0.710076
-0.0586640 -0.0337390 -0.997707
0.256869 0.826846 -0.500344
0.949319 0.109287 -0.294702
-0.174568 0.862751 -0.474538
0.0185570 -0.830917 -0.556086
-0.708656 -0.131261 -0.693237
0.638353 -0.636126 -0.433416
0.589509 -0.349266 -0.728349
-0.911351 0.0757390 -0.404602
0.254117 -0.963324 0.0862060
0.588220 -0.807793 -0.0383080
0.840319 -0.538507 -0.0622370
-0.714242 -0.669202 -0.205003
0.330360 -0.884388 -0.329728
-0.847851 -0.353187 -0.395483
-0.387895 -0.828046 -0.404818
0.323865 -0.633020 -0.703134
0.820072 -0.471747 0.323940
-0.462936 -0.886390 -0.00155000
0.338336 -0.132193 -0.931694
0.539339 0.186235 -0.821237
0.975165 0.206069 0.0811750
-0.219936 -0.624803 -0.749166
-0.358754 -0.288831 -0.887622
-0.204777 0.364703 -0.908327
-0.420416 0.600328 -0.680336
-0.597018 -0.731451 0.329468
0.982546 -0.185236 0.0170630
0.0726920 -0.415947 -0.906479
0.777833 -0.0198800 -0.628157
0.872705 -0.305069 -0.381208
-0.581454 -0.534377 -0.613475
-0.129556 -0.973964 0.186035
-0.554569 0.755350 -0.349141
0.0197730 0.646828 -0.762380
-0.0683810 -0.977793 -0.198101
-0.456877 0.0954160 -0.884398
0.848324 0.514263 -0.126016
0.183591 0.290488 -0.939101
-0.685919 0.316725 -0.655134
