-0.00000 0.00000 -0.00000
-0.00000 0.00000 -0.00000
-0.00000 0.00000 -0.00000
-0.00000 0.00000 -0.00000
0.00580763 -0.0965566 -0.995311
0.194651 0.247161 -0.949222
-0.234260 0.196368 -0.952135
-0.229797 -0.380527 -0.895764
0.334507 -0.261274 -0.905451
0.549971 0.0485291 -0.833772
-0.0382870 0.553501 -0.831968
-0.451101 0.451736 -0.769703
-0.493564 -0.0867750 -0.865370
-0.222198 -0.720127 -0.657301
0.115506 -0.566846 -0.815686
0.675873 -0.289795 -0.677653
0.494015 0.427335 -0.757188
0.277488 0.699981 -0.658047
-0.312278 0.748761 -0.584670
-0.703832 0.196465 -0.682659
-0.810978 -0.165825 -0.561086
-0.570690 -0.452388 -0.685316
0.146207 -0.846342 -0.512180
0.471572 -0.607456 -0.639231
0.894794 -0.115861 -0.431184
0.794137 0.241706 -0.557606
0.671659 0.604703 -0.428029
0.0297076 0.891690 -0.451671
-0.669474 0.594569 -0.445300
-0.903817 0.228040 -0.362096
-0.815341 -0.493727 -0.302412
-0.534294 -0.736802 -0.414309
-0.204796 -0.932949 -0.296083
0.537031 -0.786625 -0.304662
0.804020 -0.501780 -0.319012
0.955885 0.217574 -0.197347
0.828532 0.553944 -0.0817391
0.415398 0.860260 -0.295632
-0.302198 0.923413 -0.236612
-0.605369 0.792316 -0.0759192
-0.982438 0.179104 0.0523167
-0.970046 -0.147185 -0.193255
-0.563975 -0.824525 -0.0457299
-0.118487 -0.990633 0.0678717
0.219450 -0.964606 -0.146206
0.853332 -0.514648 0.0834339
