0.0 0.0 -0.0
0.0 0.0 -0.0
0.0 0.0 -0.0
0.0 0.0 -0.0
0.7599784688608814 -0.39808124559212044 -0.513774316967768
0.4362459542142446 -0.5527039419915135 -0.7100759254746953
-0.05866402807467464 0.0337390161463836 -0.9977074774699887
0.2568689859732841 -0.8268459548488376 -0.5003439726779677
0.949319246379704 -0.10928702836359401 -0.29470207648492397
-0.17456803595499654 -0.862751177696996 -0.4745380977384867
0.0185570086982844 0.8309173894784921 -0.5560862606560424
-0.708655888519225 0.1312609793509432 -0.6932368909448337
0.6383529139688644 0.6361259142689983 -0.4334159415883209
0.5895090396038081 0.3492660234640415 -0.7283490489312191
-0.9113510821464563 -0.07573900682688718 -0.40460203646961546
0.25411699325306686 0.9633239744232671 0.0862059977111877
0.5882200582005542 0.8077930799258786 -0.038308003790328164
0.8403193130278259 0.538507200599624 -0.06223702318394895
-0.7142422923476439 0.6692022739122425 -0.2050030839101369
0.3303599309336387 0.8843878151063653 -0.32972793106576714
-0.8478513482723938 0.35318714507889 -0.39548316245284976
-0.3878949374975241 0.8280458665749102 -0.40481793477067946
0.3238649545648268 0.6330199111933263 -0.7031339013570004
0.8200718192590613 0.4717468960286467 0.32393992860478144
-0.46293614473793415 0.8863902771317362 -0.001550000484610827
0.3383360088337842 0.13219300345149326 -0.9316940243260654
0.539338934655047 -0.1862349774362371 -0.8212369005009962
0.9751647120285396 -0.2060689391467179 0.08117497602858666
-0.21993596387980963 0.6248028973883162 -0.7491658769641235
-0.3587538934571052 0.28883091422286344 -0.8876217363936921
-0.2047770167029452 -0.36470302974755087 -0.9083270740890633
-0.420415917275609 -0.600327881874695 -0.6803358661316855
-0.5970179341044478 0.731450919266475 0.3294679636351403
0.9825459195388268 0.1852359848309332 0.017062998602702568
0.07269199232685178 0.41594695609388954 -0.9064789043148115
0.7778327639519048 0.019879993967039024 -0.6281568093739102
0.8727047159128437 0.3050689006924623 -0.38120787590732647
-0.5814542593664521 0.534377238367036 -0.613475273649909
-0.12955602256496876 0.9739641696368153 0.18603503240200348
-0.5545690454352893 -0.7553500618850779 -0.3491410286047765
0.019772993104041334 -0.6468277744146487 -0.7623797341151587
-0.06838103014882674 0.977793431103841 -0.1981010873416991
-0.4568768564061394 -0.09541597001129012 -0.8843977220387038
0.8483239684419249 -0.5142629808691604 -0.12601599531214205
0.1835910347330404 -0.29048805495656893 -0.9391011776657514
-0.6859189457637053 -0.3167249749562405 -0.6551339481979057
