-0.0 0.0 0.0
-0.0 0.0 0.0
-0.0 0.0 0.0
-0.0 0.0 0.0
0.005807627877 -0.09655655125 0.9953105565
0.1946508763 0.2471609947 0.9492220389
-0.2342600657 0.1963675385 0.9521355006
-0.229796549 -0.3805270061 0.8957637767
0.3345074901 -0.2612736147 0.9054506266
0.5499713084 0.04852913294 0.8337724409
-0.03828703172 0.5535005757 0.8319682782
-0.4511010656 0.451735529 0.7697030859
-0.4935636821 -0.08677501059 0.8653698569
-0.2221977815 -0.7201273447 0.6573011131
0.1155063113 -0.5668460269 0.8156861369
0.6758733126 -0.2897949961 0.6776533963
0.4940153288 0.4273351797 0.7571878889
0.2774878919 0.6999814408 0.6580474545
-0.3122782983 0.7487611929 0.5846699414
-0.7038314862 0.1964654511 0.6826584545
-0.8109777305 -0.1658252221 0.5610856586
-0.5706901114 -0.4523879382 0.6853159492
0.1462074985 -0.8463423649 0.5121796255
0.4715723453 -0.6074561563 0.6392312111
0.8947939128 -0.1158612791 0.4311844358
0.7941373946 0.2417059368 0.55760563
0.6716588174 0.6047031659 0.4280286372
0.02970763896 0.891689723 0.4516712235
-0.6694742689 0.594569063 0.445299711
-0.903816645 0.2280395634 0.3620958848
-0.8153407166 -0.4937274339 0.3024115357
-0.5342942592 -0.7368022229 0.4143092189
-0.2047955423 -0.9329489701 0.2960827673
0.5370305037 -0.7866251529 0.3046622834
0.8040204385 -0.5017795563 0.3190116165
0.9558849373 0.2175735521 0.1973467406
0.8285317257 0.5539439492 0.08173910104
0.4153975334 0.8602596685 0.2956318522
-0.3021981272 0.9234128346 0.2366115568
-0.6053693294 0.7923157547 0.07591916684
-0.9824382085 0.1791036703 -0.05231674523
-0.9700458842 -0.14718531 0.1932549276
-0.5639751055 -0.8245246251 0.04572989134
-0.1184869032 -0.9906332725 -0.06787174002
0.2194499805 -0.9646063269 0.1462064982
0.8533321214 -0.5146484979 -0.08343389087
