2085
2081
2084
2090
2089
2086
2088
2084
2081
2086
2088
2089
2121
2118
2119
2120
2125
2126
2130
2121
2118
2119
2120
2126
2130
2125
2081
2086
2089
2088
2195
2194
2193
2199
2206
2201
2204
2118
2119
2120
2121
2125
2126
2130
2193
2194
2195
2199
2206
2201
2204
2193
2194
2195
2199
2206
2201
2204
2280
2281
2289
2286
2287
2291
2293
2274
2295
2300
2297
2299
2301
2280
2281
2286
2287
2289
2291
2293
2274
2295
2301
2297
2299
2280
2281
2289
2286
2287
2293
2274
2291
2295
2299
2301
2297
2081
2086
2088
2089
2120
2120
2118
2121
2119
2130
2125
2126
2195
2199
2194
2193
2205
2204
2201
2206
2402
2401
2400
2399
24
2403
2404
2405
2406
2400
2399
2401
2402
2405
2406
2403
2404
2399
2400
2401
2402
2403
2404
2405
2406
2454
2455
2456
2459
2460
2461
2464
2465
2454
2455
2456
2459
2460
2461
2464
2465
2455
2455
2456
2459
2460
2461
2464
2465
2558
2559
2560
2561
2563
2565
2567
2568
2559
2560
2561
2563
2567
2568
2399
2400
2401
2402
2403
2404
2405
2406
2559
2560
2561
2563
2567
2568
2455
2456
2459
2460
2461
2464
2465
